84
161
199
107
127
96
101
79
142
156
18
111
103
49
155
64
41
95
61
157
207
7
15
205
5
117
150
170
141
8
211
184
56
94
136
58
154
112
158
152
50
140
244
78
179
20
220
182
119
214
102
10
97
233
26
85
249
231
193
69
116
221
33
194
216
132
200
245
168
106
210
25
146
1
48
75
81
113
189
236
77
63
87
24
129
139
234
91
74
100
118
188
178
198
230
14
86
109
238
145
54
202
30
37
88
62
197
153
51
52
53
12
66
242
121
217
38
226
166
17
114
222
165
169
73
187
60
133
235
22
128
243
134
218
90
212
137
11
35
23
93
171
147
176
191
98
3
143
34
76
204
68
13
224
83
27
239
167
173
177
110
240
16
163
225
209
89
227
36
44
246
192
105
144